{
 "cells": [
  {
   "cell_type": "code",
   "execution_count": 1,
   "metadata": {},
   "outputs": [],
   "source": [
    "import torch\n",
    "import torch.nn as nn\n",
    "import torch.nn.functional as F"
   ]
  },
  {
   "cell_type": "code",
   "execution_count": 40,
   "metadata": {},
   "outputs": [
    {
     "data": {
      "text/plain": [
       "tensor([[0.4300, 0.1500, 0.8900],\n",
       "        [0.5500, 0.8700, 0.6600],\n",
       "        [0.5700, 0.8500, 0.6400],\n",
       "        [0.2200, 0.5800, 0.3300],\n",
       "        [0.7700, 0.2500, 0.1000],\n",
       "        [0.0500, 0.8000, 0.5500]])"
      ]
     },
     "execution_count": 40,
     "metadata": {},
     "output_type": "execute_result"
    }
   ],
   "source": [
    "inputs = torch.tensor(\n",
    "  [[0.43, 0.15, 0.89], # Your     (x^1)\n",
    "   [0.55, 0.87, 0.66], # journey  (x^2)\n",
    "   [0.57, 0.85, 0.64], # starts   (x^3)\n",
    "   [0.22, 0.58, 0.33], # with     (x^4)\n",
    "   [0.77, 0.25, 0.10], # one      (x^5)\n",
    "   [0.05, 0.80, 0.55]] # step     (x^6)\n",
    ")\n",
    "\n",
    "inputs"
   ]
  },
  {
   "cell_type": "code",
   "execution_count": 3,
   "metadata": {},
   "outputs": [],
   "source": [
    "x_2 = inputs[1] #A\n",
    "d_in = inputs.shape[1] #B\n",
    "d_out = 2 #C"
   ]
  },
  {
   "cell_type": "code",
   "execution_count": 4,
   "metadata": {},
   "outputs": [],
   "source": [
    "class SelfAttention_v2(nn.Module):\n",
    "    \n",
    "    def __init__(self, d_in, d_out, qkv_bias=False):\n",
    "        super().__init__()\n",
    "        self.Wq = nn.Linear(d_in, d_out, bias=qkv_bias)\n",
    "        self.Wk = nn.Linear(d_in, d_out, bias=qkv_bias)\n",
    "        self.Wv = nn.Linear(d_in, d_out, bias=qkv_bias)\n",
    "    \n",
    "    def forward(self, x):\n",
    "        queries = self.Wq(x)\n",
    "        keys = self.Wk(x)\n",
    "        values = self.Wv(x)\n",
    "        \n",
    "        attn_scores = queries @ keys.T\n",
    "        attn_weights = torch.softmax(attn_scores / keys.shape[-1]**0.5, dim=-1)\n",
    "        \n",
    "        context_vec = attn_weights @ values\n",
    "        return context_vec"
   ]
  },
  {
   "cell_type": "code",
   "execution_count": 5,
   "metadata": {},
   "outputs": [
    {
     "name": "stdout",
     "output_type": "stream",
     "text": [
      "tensor([[-0.0739,  0.0713],\n",
      "        [-0.0748,  0.0703],\n",
      "        [-0.0749,  0.0702],\n",
      "        [-0.0760,  0.0685],\n",
      "        [-0.0763,  0.0679],\n",
      "        [-0.0754,  0.0693]], grad_fn=<MmBackward0>)\n"
     ]
    }
   ],
   "source": [
    "torch.manual_seed(789)\n",
    "sa_v2 = SelfAttention_v2(d_in, d_out)\n",
    "print(sa_v2(inputs))"
   ]
  },
  {
   "cell_type": "markdown",
   "metadata": {},
   "source": [
    "### Simple Masking Approach"
   ]
  },
  {
   "cell_type": "code",
   "execution_count": 6,
   "metadata": {},
   "outputs": [
    {
     "name": "stdout",
     "output_type": "stream",
     "text": [
      "tensor([[0.1921, 0.1646, 0.1652, 0.1550, 0.1721, 0.1510],\n",
      "        [0.2041, 0.1659, 0.1662, 0.1496, 0.1665, 0.1477],\n",
      "        [0.2036, 0.1659, 0.1662, 0.1498, 0.1664, 0.1480],\n",
      "        [0.1869, 0.1667, 0.1668, 0.1571, 0.1661, 0.1564],\n",
      "        [0.1830, 0.1669, 0.1670, 0.1588, 0.1658, 0.1585],\n",
      "        [0.1935, 0.1663, 0.1666, 0.1542, 0.1666, 0.1529]],\n",
      "       grad_fn=<SoftmaxBackward0>)\n"
     ]
    }
   ],
   "source": [
    "queries = sa_v2.Wq(inputs)\n",
    "keys = sa_v2.Wk(inputs)\n",
    "values = sa_v2.Wv(inputs)\n",
    "\n",
    "attn_scores = queries @ keys.T\n",
    "attn_weights = torch.softmax(attn_scores / keys.shape[-1]**0.5, dim=-1)\n",
    "print(attn_weights)"
   ]
  },
  {
   "cell_type": "code",
   "execution_count": 7,
   "metadata": {},
   "outputs": [
    {
     "name": "stdout",
     "output_type": "stream",
     "text": [
      "tensor([[1., 0., 0., 0., 0., 0.],\n",
      "        [1., 1., 0., 0., 0., 0.],\n",
      "        [1., 1., 1., 0., 0., 0.],\n",
      "        [1., 1., 1., 1., 0., 0.],\n",
      "        [1., 1., 1., 1., 1., 0.],\n",
      "        [1., 1., 1., 1., 1., 1.]])\n"
     ]
    }
   ],
   "source": [
    "# Creating a simple mask\n",
    "context_length = attn_weights.shape[0]\n",
    "mask_simple = torch.tril(torch.ones(context_length, context_length))\n",
    "print(mask_simple)"
   ]
  },
  {
   "cell_type": "code",
   "execution_count": 8,
   "metadata": {},
   "outputs": [
    {
     "name": "stdout",
     "output_type": "stream",
     "text": [
      "tensor([[0.1921, 0.0000, 0.0000, 0.0000, 0.0000, 0.0000],\n",
      "        [0.2041, 0.1659, 0.0000, 0.0000, 0.0000, 0.0000],\n",
      "        [0.2036, 0.1659, 0.1662, 0.0000, 0.0000, 0.0000],\n",
      "        [0.1869, 0.1667, 0.1668, 0.1571, 0.0000, 0.0000],\n",
      "        [0.1830, 0.1669, 0.1670, 0.1588, 0.1658, 0.0000],\n",
      "        [0.1935, 0.1663, 0.1666, 0.1542, 0.1666, 0.1529]],\n",
      "       grad_fn=<MulBackward0>)\n"
     ]
    }
   ],
   "source": [
    "# Applying mask to the computed attention weight matrix\n",
    "masked_simple = mask_simple * attn_weights\n",
    "print(masked_simple)"
   ]
  },
  {
   "cell_type": "code",
   "execution_count": 9,
   "metadata": {},
   "outputs": [
    {
     "name": "stdout",
     "output_type": "stream",
     "text": [
      "tensor([[1.0000, 0.0000, 0.0000, 0.0000, 0.0000, 0.0000],\n",
      "        [0.5517, 0.4483, 0.0000, 0.0000, 0.0000, 0.0000],\n",
      "        [0.3800, 0.3097, 0.3103, 0.0000, 0.0000, 0.0000],\n",
      "        [0.2758, 0.2460, 0.2462, 0.2319, 0.0000, 0.0000],\n",
      "        [0.2175, 0.1983, 0.1984, 0.1888, 0.1971, 0.0000],\n",
      "        [0.1935, 0.1663, 0.1666, 0.1542, 0.1666, 0.1529]],\n",
      "       grad_fn=<DivBackward0>)\n"
     ]
    }
   ],
   "source": [
    "# Normalizing the rows of masked attention weight matrix\n",
    "row_sum = masked_simple.sum(dim=1, keepdim=True)\n",
    "masked_simple_norm = masked_simple / row_sum\n",
    "print(masked_simple_norm)"
   ]
  },
  {
   "cell_type": "markdown",
   "metadata": {},
   "source": [
    "### Efficient way: Upper Triangular Inf Matrix"
   ]
  },
  {
   "cell_type": "code",
   "execution_count": 10,
   "metadata": {},
   "outputs": [
    {
     "name": "stdout",
     "output_type": "stream",
     "text": [
      "tensor([[0.2899,   -inf,   -inf,   -inf,   -inf,   -inf],\n",
      "        [0.4656, 0.1723,   -inf,   -inf,   -inf,   -inf],\n",
      "        [0.4594, 0.1703, 0.1731,   -inf,   -inf,   -inf],\n",
      "        [0.2642, 0.1024, 0.1036, 0.0186,   -inf,   -inf],\n",
      "        [0.2183, 0.0874, 0.0882, 0.0177, 0.0786,   -inf],\n",
      "        [0.3408, 0.1270, 0.1290, 0.0198, 0.1290, 0.0078]],\n",
      "       grad_fn=<MaskedFillBackward0>)\n"
     ]
    }
   ],
   "source": [
    "mask = torch.triu(torch.ones(context_length, context_length), diagonal=1)\n",
    "masked = attn_scores.masked_fill(mask.bool(), -torch.inf)\n",
    "print(masked)"
   ]
  },
  {
   "cell_type": "code",
   "execution_count": 11,
   "metadata": {},
   "outputs": [
    {
     "name": "stdout",
     "output_type": "stream",
     "text": [
      "tensor([[1.0000, 0.0000, 0.0000, 0.0000, 0.0000, 0.0000],\n",
      "        [0.5517, 0.4483, 0.0000, 0.0000, 0.0000, 0.0000],\n",
      "        [0.3800, 0.3097, 0.3103, 0.0000, 0.0000, 0.0000],\n",
      "        [0.2758, 0.2460, 0.2462, 0.2319, 0.0000, 0.0000],\n",
      "        [0.2175, 0.1983, 0.1984, 0.1888, 0.1971, 0.0000],\n",
      "        [0.1935, 0.1663, 0.1666, 0.1542, 0.1666, 0.1529]],\n",
      "       grad_fn=<SoftmaxBackward0>)\n"
     ]
    }
   ],
   "source": [
    "masked_attn_weights = torch.softmax(masked / keys.shape[-1]**0.5, dim=-1)\n",
    "print(masked_attn_weights)"
   ]
  },
  {
   "cell_type": "markdown",
   "metadata": {},
   "source": [
    "### Masking Additional Attention Weights with Dropout\n",
    "\n",
    "**Important Note**: Furthermore, the outputs are scaled by a factor of $\\frac{1}{1-p}$ during training. This means that during evaluation the module simply computes an identity function.\n",
    "\n",
    "To compensate the reduction in active elements, the values of the remaining elements in the matrix are scaled up by a factor of 1/0.5=2. This scaling is crucial to maintain the overall balance of the attention wegihts, ensuring that the average influence of the attentoin mechanism remains consistent during both the training and inference phases."
   ]
  },
  {
   "cell_type": "code",
   "execution_count": 12,
   "metadata": {},
   "outputs": [
    {
     "name": "stdout",
     "output_type": "stream",
     "text": [
      "tensor([[2., 2., 0., 2., 2., 0.],\n",
      "        [0., 0., 0., 2., 0., 2.],\n",
      "        [2., 2., 2., 2., 0., 2.],\n",
      "        [0., 2., 2., 0., 0., 2.],\n",
      "        [0., 2., 0., 2., 0., 2.],\n",
      "        [0., 2., 2., 2., 2., 0.]])\n"
     ]
    }
   ],
   "source": [
    "torch.manual_seed(123)\n",
    "dropout = nn.Dropout(0.5) # A\n",
    "example = torch.ones(6, 6) # B\n",
    "print(dropout(example))"
   ]
  },
  {
   "cell_type": "code",
   "execution_count": 17,
   "metadata": {},
   "outputs": [
    {
     "name": "stdout",
     "output_type": "stream",
     "text": [
      "tensor([[0.1921, 0.1646, 0.1652, 0.1550, 0.1721, 0.1510],\n",
      "        [0.2041, 0.1659, 0.1662, 0.1496, 0.1665, 0.1477],\n",
      "        [0.2036, 0.1659, 0.1662, 0.1498, 0.1664, 0.1480],\n",
      "        [0.1869, 0.1667, 0.1668, 0.1571, 0.1661, 0.1564],\n",
      "        [0.1830, 0.1669, 0.1670, 0.1588, 0.1658, 0.1585],\n",
      "        [0.1935, 0.1663, 0.1666, 0.1542, 0.1666, 0.1529]],\n",
      "       grad_fn=<SoftmaxBackward0>)\n",
      "tensor([[0.3843, 0.3293, 0.0000, 0.3100, 0.3442, 0.0000],\n",
      "        [0.0000, 0.0000, 0.0000, 0.2992, 0.0000, 0.2955],\n",
      "        [0.4071, 0.3318, 0.3325, 0.2996, 0.0000, 0.2961],\n",
      "        [0.0000, 0.3334, 0.3337, 0.0000, 0.0000, 0.3128],\n",
      "        [0.0000, 0.3337, 0.0000, 0.3177, 0.0000, 0.3169],\n",
      "        [0.0000, 0.3327, 0.3331, 0.3084, 0.3331, 0.0000]],\n",
      "       grad_fn=<MulBackward0>)\n"
     ]
    }
   ],
   "source": [
    "torch.manual_seed(123)\n",
    "print(attn_weights)\n",
    "print(dropout(attn_weights))"
   ]
  },
  {
   "cell_type": "markdown",
   "metadata": {},
   "source": [
    "### Causal Attention Class"
   ]
  },
  {
   "cell_type": "code",
   "execution_count": 37,
   "metadata": {},
   "outputs": [],
   "source": [
    "class CausalAttention(nn.Module):\n",
    "    def __init__(self, d_in, d_out, context_length, dropout, qkv_bias=False):\n",
    "        super().__init__()\n",
    "        self.Wq = nn.Linear(d_in, d_out, bias=qkv_bias)\n",
    "        self.Wk = nn.Linear(d_in, d_out, bias=qkv_bias)\n",
    "        self.Wv = nn.Linear(d_in, d_out, bias=qkv_bias)\n",
    "        self.dropout = nn.Dropout(dropout)\n",
    "        self.register_buffer('mask', torch.triu(torch.ones(context_length, context_length), diagonal=1))\n",
    "        \n",
    "    def forward(self, x):\n",
    "        b, num_tokens, d_in = x.shape\n",
    "        queries = self.Wq(x)\n",
    "        keys = self.Wk(x)\n",
    "        values = self.Wv(x)\n",
    "        \n",
    "        attn_scores = queries @ keys.transpose(1, 2)\n",
    "        masked_attn = attn_scores.masked_fill_(\n",
    "            self.mask.bool()[:num_tokens, :num_tokens],\n",
    "            -torch.inf\n",
    "        )\n",
    "        \n",
    "        attn_weights = torch.softmax(masked_attn / keys.shape[-1]**0.5, dim=-1)\n",
    "        attn_weights = self.dropout(attn_weights)\n",
    "        \n",
    "        context_vec = attn_weights @ values\n",
    "        return context_vec"
   ]
  },
  {
   "cell_type": "markdown",
   "metadata": {},
   "source": [
    "The use of `register_buffer` in PyTroch is not strictly for all use cases but offers several advantages here. \n",
    "\n",
    "For instance, when we use the CausaAttention class in our LLM, buffers are automatically moved to the appropriate devices. "
   ]
  },
  {
   "cell_type": "code",
   "execution_count": 43,
   "metadata": {},
   "outputs": [
    {
     "data": {
      "text/plain": [
       "torch.Size([2, 6, 3])"
      ]
     },
     "execution_count": 43,
     "metadata": {},
     "output_type": "execute_result"
    }
   ],
   "source": [
    "batch = torch.stack((inputs, inputs), dim=0)\n",
    "batch.shape"
   ]
  },
  {
   "cell_type": "code",
   "execution_count": 44,
   "metadata": {},
   "outputs": [
    {
     "data": {
      "text/plain": [
       "torch.Size([2, 6, 2])"
      ]
     },
     "execution_count": 44,
     "metadata": {},
     "output_type": "execute_result"
    }
   ],
   "source": [
    "torch.manual_seed(123)\n",
    "context_length = batch.shape[1]\n",
    "ca = CausalAttention(d_in, d_out, context_length, 0.0)\n",
    "context_vecs = ca(batch)\n",
    "context_vecs.shape"
   ]
  },
  {
   "cell_type": "code",
   "execution_count": null,
   "metadata": {},
   "outputs": [],
   "source": []
  }
 ],
 "metadata": {
  "kernelspec": {
   "display_name": "base",
   "language": "python",
   "name": "python3"
  },
  "language_info": {
   "codemirror_mode": {
    "name": "ipython",
    "version": 3
   },
   "file_extension": ".py",
   "mimetype": "text/x-python",
   "name": "python",
   "nbconvert_exporter": "python",
   "pygments_lexer": "ipython3",
   "version": "3.12.2"
  }
 },
 "nbformat": 4,
 "nbformat_minor": 2
}
